#2c1c11;-60,-60;0,-60;0,-50;-60,-50
#2c1c11;-60,-50;-50,-50;-50,0;-60,0
#2b1d14;-60,0;-50,0;-50,50;-60,50
#2c1c11;-60,50;-50,50;-50,100;-60,100
#2b1d14;-60,100;-50,100;-50,150;-60,150
#2c1c11;-60,150;-50,150;-50,200;-60,200
#2b1d14;-60,200;-50,200;-50,250;-60,250
#2c1c11;-60,250;-50,250;-50,300;-60,300
#2b1d14;-60,300;-50,300;-50,350;-60,350
#2c1c11;-60,350;-50,350;-50,400;-60,400
#2c1c11;0,-60;60,-60;60,-50;0,-50
#2b1d14;60,-60;120,-60;120,-50;60,-50
#2c1c11;120,-60;180,-60;180,-50;120,-50
#2b1d14;180,-60;240,-60;240,-50;180,-50
#2c1c11;240,-60;310,-60;310,-50;240,-50
#2c1c11;60,-50;50,-50;50,0;60,0
#2b1d14;60,0;50,0;50,50;60,50
#2c1c11;60,50;50,50;50,100;60,100
#2b1d14;60,100;50,100;50,150;60,150
#2c1c11;60,150;50,150;50,200;60,200
#2b1d14;60,200;50,200;50,250;60,250
#2c1c11;60,250;50,250;50,300;60,300
#2b1d14;-60,400;0,400;0,410;-60,410
#2c1c11;0,400;60,400;60,410;0,410
#2b1d14;60,400;120,400;120,410;60,410
#2c1c11;120,400;180,400;180,410;120,410
#2b1d14;180,400;240,400;240,410;180,410
#2c1c11;240,400;310,400;310,410;240,410
#2b1d14;300,-50;310,-50;310,0;300,0
#2b1d14;300,0;310,0;310,50;300,50
#2c1c11;300,50;310,50;310,100;300,100
#2b1d14;300,100;310,100;310,150;300,150
#2c1c11;300,150;310,150;310,200;300,200
#2b1d14;300,200;310,200;310,250;300,250
#2c1c11;300,250;310,250;310,300;300,300
#2b1d14;300,300;310,300;310,350;300,350
#2c1c11;300,350;310,350;310,400;300,400